1651 9 51000000 0 708 9
239
-313
251
-353
320
-366
359
-326
380
-295
402
-254
424
-191
415
-136
377
-74
366
-35
319
25
298
31
291
85
211
147
160
138
108
147
6
133
-1
92
1
78
-48
86
-91
47
-93
7
-91
-11
-105
-34
-132
-36
-172
-103
-157
-222
-94
-267
-15
-271
36
-330
118
-348
194
-300
256
-252
299
-207
318
-144
311
-101
316
-80
335
-20
318
7
319
63
312
102
276
165
217
191
143
185
140
154
142
164
128
228
43
246
-24
212
-66
206
-123
168
-133
102
-194
90
-235
10
-184
-100
-153
-139
-112
-197
-48
-206
-29
-193
0
-251
50
-270
141
-290
218
-247
272
-218
336
-157
347
-68
375
-33
383
35
356
114
280
147
233
152
233
145
227
147
261
203
221
254
171
291
137
310
60
336
1
346
-76
339
-180
317
-278
240
-288
127
-279
74
-291
-2
-263
-73
-255
-128
-246
-222
-151
-312
-40
-338
69
-330
192
-305
271
-230
317
-153
319
-88
351
-25
355
33
315
73
315
92
335
159
308
228
262
269
230
311
171
356
118
360
44
381
-43
389
-109
346
-173
324
-231
283
-272
200
-280
117
-294
72
-314
18
-302
-48
-253
-139
-183
-187
-106
-204
-65
-210
2
-206
86
-209
141
-163
181
-105
201
-43
188
-5
172
-11
238
28
258
122
193
170
167
171
116
190
104
191
93
202
67
236
35
231
-31
219
-8
210
-35
240
-75
222
-98
233
-164
251
-227
172
-214
110
-211
108
-228
78
-239
59
-279
0
-206
-76
-205
-70
-196
-108
-131
-134
-89
-138
-84
-167
-52
-169
2
-169
62
-178
105
-132
155
-100
201
-47
182
-26
224
-10
256
96
219
135
239
161
216
239
130
289
89
311
49
382
-58
409
-154
365
-211
321
-265
300
-327
266
-400
219
-462
132
-469
26
-453
-75
-437
-144
-403
-238
-324
-324
-263
-367
-126
-432
8
-364
41
-320
123
-339
227
-256
251
-153
239
-111
287
-67
291
26
274
28
317
93
323
233
257
304
165
360
87
397
-17
402
-115
401
-197
386
-297
353
-369
285
-416
200
-441
128
-478
60
-543
-29
-542
-208
-422
-319
-311
-347
-241
-390
-137
-412
-69
-394
15
-398
114
-385
196
-295
221
-203
260
-201
332
-147
360
-39
371
65
343
185
243
283
165
291
85
322
-25
355
-111
311
-169
274
-213
211
-236
151
-276
126
-284
77
-307
24
-311
-6
-312
-75
-276
-132
-212
-197
-170
-193
-146
-153
-148
-203
-117
-227
-91
-255
0
-266
40
-206
26
-220
143
-242
223
-150
255
-68
255
48
158
145
67
115
69
91
57
121
28
146
-42
142
-74
95
-58
67
-73
70
238
-296
244
-346
308
-360
361
-322
382
-298
407
-242
411
-198
415
-129
389
-79
372
-38
325
26
292
34
283
92
218
120
151
145
89
169
31
133
1
95
-16
95
-53
92
-107
49
-90
-3
-80
-21
-112
-32
-130
-50
-171
-112
-179
-202
-82
-273
-15
-302
43
-313
124
-317
197
-290
254
-248
294
-199
311
-157
318
-105
323
-51
328
-21
329
10
323
55
324
89
272
175
201
201
154
177
135
171
136
174
120
221
34
251
-28
217
-59
178
-126
161
-154
119
-192
86
-235
-16
-201
-99
-141
-142
-122
-177
-41
-185
-25
-192
-2
-229
57
-278
133
-286
225
-258
278
-210
339
-157
358
-70
368
-20
370
27
336
117
280
156
238
148
235
151
242
157
261
190
236
263
168
295
120
313
80
320
2
343
-81
341
-175
331
-275
232
-294
126
-288
56
-301
-19
-269
-74
-245
-140
-249
-207
-145
-312
-24
-332
83
-328
180
-300
278
-229
326
-151
336
-99
347
-26
334
45
298
77
325
107
332
152
305
230
264
268
225
302
171
347
104
369
47
391
-47
386
-103
353
-162
313
-239
275
-278
211
-295
130
-296
72
-291
14
-305
-58
-246
-148
-188
-198
-113
-185
-55
-197
15
-221
75
-204
134
-156
191
-112
220
-40
181
6
167
-19
229
14
245
122
200
168
149
178
128
185
104
198
105
205
77
228
23
249
-23
221
-34
208
-59
226
-70
214
-81
230
-162
253
-220
174
-213
108
-213
101
-231
82
-232
64
-272
-14
-228
-71
-190
-75
-197
-108
-127
-148
-110
-143
-76
-153
-30
-179
20
-183
72
-161
98
-137
153
-111
182
-36
167
-30
241
-4
263
84
201
148
224
154
209
239
144
297
103
310
51
370
-65
396
-154
369
-227
320
-262
280
-316
264
-393
222
-460
116
-455
16
-446
-49
-444
-151
-421
-230
-314
-323
-246
-363
-142
-450
23
-374
55
-300
128
-334
210
-226
235
-173
257
-116
298
-64
283
21
275
39
318
101
316
228
256
305
190
344
74
408
-22
417
-100
391
-204
385
-292
336
-359
284
-417
235
-461
136
-473
54
-543
-25
-540
-211
-414
-339
-311
-346
-239
-402
-146
-394
-60
-393
5
-397
125
-385
205
-297
218
-210
246
-201
320
-135
357
-31
362
76
339
199
242
296
156
297
101
325
-7
355
-97
303
-174
263
-221
212
-238
158
-267
134
-284
75
-298
33
-308
-23
-293
-88
-290
-139
-248
-187
-161
-195
-153
-174
-139
-183
-105
-231
-96
-251
-3
-250
41
-200
24
-227
129
-238
228
-153
263
-74
264
47
157
146
80
120
82
89
56
112
34
154
-40
150
-82
91
-64
83
-64
56
240
-287
239
-335
320
-360
354
-333
374
-291
408
-240
419
-190
419
-119
387
-72
371
-22
313
17
300
11
272
77
222
112
163
139
83
174
30
132
-4
103
5
89
-58
95
-92
31
-87
-7
-98
-11
-105
-30
-115
-37
-166
-97
-163
-222
-93
-262
-16
-280
33
-311
118
-327
208
-305
252
-245
312
-207
302
-139
320
-96
332
-75
318
-11
323
8
310
55
317
108
285
156
192
198
154
168
129
157
128
180
123
222
40
247
-20
222
-81
198
-107
154
-145
126
-192
81
-225
-16
-197
-94
-152
-139
-104
-194
-50
-204
-35
-192
9
-230
59
-256
133
-285
223
-261
282
-213
330
-167
360
-89
374
-27
386
44
361
111
270
166
235
153
225
148
227
152
255
192
245
261
181
288
106
325
86
319
16
331
-84
352
-189
328
-269
233
-294
131
-291
55
-296
-8
-279
-76
-249
-132
-237
-227
-139
-310
-20
-320
80
-328
192
-300
277
-232
324
-159
330
-75
336
-13
334
49
308
63
321
110
343
172
301
226
243
269
221
294
163
357
108
374
54
380
-39
383
-119
358
-176
317
-239
271
-268
199
-288
131
-298
76
-304
16
-300
-58
-247
-142
-165
-179
-89
-190
-59
-211
-5
-215
76
-196
161
-174
180
-118
206
-54
183
8
178
-6
234
26
254
126
189
180
144
185
123
184
105
180
105
210
67
240
47
248
-10
231
-15
206
-48
219
-65
220
-82
238
-170
240
-214
172
-203
124
-220
92
-241
70
-229
56
-269
-4
-245
-75
-199
-76
-188
-116
-135
-144
-89
-137
-76
-143
-39
-179
15
-188
70
-149
105
-138
157
-114
195
-45
183
-26
238
-19
255
83
203
136
227
158
213
255
126
298
96
319
61
376
-56
402
-154
374
-226
328
-264
289
-313
263
-397
224
-459
107
-463
24
-465
-66
-433
-150
-397
-238
-337
-309
-249
-365
-119
-431
16
-381
43
-317
126
-314
225
-250
249
-160
258
-119
284
-61
287
13
273
49
325
109
327
216
249
312
181
365
89
410
-22
422
-120
417
-201
387
-306
335
-356
264
-412
209
-466
131
-460
58
-538
-34
-548
-207
-408
-334
-305
-358
-247
-381
-144
-402
-51
-396
15
-401
117
-378
206
-296
219
-217
241
-190
337
-137
366
-29
358
69
351
187
238
275
143
296
88
342
-17
361
-98
301
-174
263
-213
204
-240
163
-258
120
-278
78
-301
30
-309
-9
-313
-65
-278
-137
-231
-202
-164
-188
-146
-159
-155
-203
-117
-199
-88
-261
3
-273
32
-206
36
-232
135
-243
222
-161
246
-65
259
58
178
153
72
101
63
88
65
116
36
153
-48
151
-72
93
-57
67
-61
61
245
-292
243
-342
310
-355
362
-328
374
-278
402
-250
420
-197
414
-141
392
-72
355
-18
323
23
289
44
285
72
227
123
150
138
87
165
28
133
6
104
-14
93
-61
80
-89
45
-85
5
-89
-2
-105
-32
-134
-42
-171
-106
-155
-223
-91
-283
-19
-282
33
-317
127
-322
217
-295
257
-250
303
-200
313
-159
327
-107
319
-58
320
-31
320
25
318
47
318
111
265
177
215
185
149
181
128
163
144
173
118
212
44
250
-31
208
-65
208
-115
166
-142
126
-198
91
-243
-23
-189
-82
-151
-145
-108
-185
-46
-215
-28
-213
-9
-237
59
-273
143
-277
216
-251
287
-206
339
-153
357
-84
361
-31
369
42
357
114
283
154
247
145
221
162
217
156
258
188
258
249
164
305
112
306
70
329
-15
357
-73
343
-171
319
-270
225
-293
127
-277
61
-300
3
-274
-82
-253
-125
-231
-225
-142
-316
-27
-337
88
-321
179
-291
273
-224
333
-153
337
-80
326
-13
331
42
311
74
319
92
342
167
293
235
252
275
230
299
180
337
117
365
48
386
-40
381
-107
350
-166
324
-226
263
-292
207
-286
128
-296
72
-307
15
-299
-46
-251
-154
-164
-194
-115
-190
-72
-197
-8
-211
94
-204
140
-154
191
-120
217
-48
187
9
173
0
240
9
243
117
198
182
172
174
121
191
110
180
