1651 9 51000000 0 708 9
390
-242
385
-161
307
-29
127
-9
18
-153
52
-271
178
-336
294
-293
416
-171
363
69
144
166
-113
131
-222
-127
-71
-327
136
-398
372
-260
364
-10
214
152
-36
141
-134
-111
-17
-250
207
-289
325
-126
275
9
189
150
-42
109
-91
-129
68
-305
382
-262
450
74
262
252
52
324
-223
133
-188
-202
57
-377
423
-303
490
52
370
263
116
371
-106
223
-133
59
-84
-115
115
-133
214
-19
199
103
58
135
30
77
-10
46
12
-3
82
21
73
78
-22
98
-90
-30
18
-101
58
-114
163
-102
217
6
177
100
67
165
9
69
-27
112
-118
2
-33
-87
27
-118
144
-140
163
-69
257
-15
227
160
77
217
-128
191
-216
-71
-37
-247
179
-315
418
-140
423
139
251
332
-12
343
-158
125
-73
-37
74
-83
192
2
160
114
63
192
-92
138
-100
-90
101
-152
281
-61
283
194
137
326
-107
388
-338
136
-259
-196
-5
-352
361
-248
468
94
307
378
-42
472
-298
272
-396
13
-230
-319
128
-343
274
-141
340
30
196
209
22
188
-36
60
29
-70
137
19
142
-4
208
53
144
160
41
99
79
-8
229
25
199
154
206
202
124
305
18
274
-84
227
-115
101
-60
-24
76
-109
314
-17
379
274
260
493
-50
625
-300
451
-389
218
-330
-57
-45
-155
152
-4
230
246
-5
487
-264
409
-418
257
-445
-34
-244
-164
-7
-121
41
83
-98
151
-195
136
-284
-6
-165
-132
-6
-126
100
-8
59
217
-161
300
-434
209
-515
-147
-288
-431
62
-451
302
-215
312
96
102
342
-285
328
-524
-18
-341
-396
-39
-552
305
-426
493
-158
452
232
83
417
-205
203
-207
-62
6
-207
164
-133
251
-26
237
204
7
212
-67
73
-9
-64
119
-117
294
-34
367
240
161
448
-146
403
-316
167
-245
-159
84
-270
384
-86
504
289
236
668
-197
666
-468
428
-536
37
-298
-243
52
-243
292
46
199
382
-81
532
-381
432
-509
160
-429
-100
-151
-162
-36
2
-70
134
-211
223
-413
71
-375
-148
-166
-237
-11
-94
20
65
-113
204
-346
178
-466
-63
-427
-313
-135
-484
168
-302
173
-83
138
101
-61
226
-244
151
-396
-25
-312
-283
-152
-311
0
-378
204
-251
259
-76
171
186
-127
167
-211
-8
-190
-173
5
-258
94
-167
199
-96
122
103
-55
43
-89
-30
-46
-181
142
-135
155
8
147
88
-4
188
-184
116
-302
-122
-54
-447
336
-305
451
-74
489
299
135
534
-200
481
-534
170
-368
-364
75
-412
380
-191
388
229
103
377
-112
367
-297
134
-174
-73
-37
-112
158
-13
64
224
-112
204
-225
116
-181
-136
380
-239
377
-134
312
-24
120
-13
21
-158
46
-296
185
-343
305
-273
414
-168
354
74
138
175
-93
123
-208
-129
-76
-328
146
-409
384
-258
346
14
215
143
-50
150
-124
-115
-7
-256
196
-304
318
-99
276
8
198
127
-52
130
-102
-132
57
-320
380
-250
461
76
277
253
36
318
-220
117
-183
-191
54
-373
417
-316
500
40
365
277
111
382
-107
218
-131
64
-76
-119
141
-140
203
-17
184
115
51
147
11
59
2
38
31
-14
89
29
68
76
-24
102
-79
-40
5
-101
67
-94
166
-105
205
32
165
103
63
149
1
73
-25
102
-105
-1
-31
-103
34
-130
149
-117
160
-48
237
-5
206
157
76
216
-121
195
-212
-83
-42
-253
177
-313
413
-146
419
125
277
328
-21
359
-157
125
-65
-40
66
-73
185
6
169
117
74
199
-113
137
-120
-95
90
-172
305
-50
291
205
151
327
-110
374
-358
124
-259
-170
-5
-363
371
-243
453
119
298
383
-44
471
-307
268
-399
-6
-210
-322
141
-354
278
-144
341
32
186
223
13
180
-48
56
38
-56
132
1
131
-15
211
68
141
167
22
104
68
-15
215
30
193
171
206
181
130
303
20
273
-76
223
-115
99
-38
-10
99
-101
328
-1
365
255
258
501
-51
601
-312
432
-379
225
-340
-80
-38
-143
148
-5
208
228
-7
475
-256
420
-427
259
-434
-31
-220
-164
-6
-117
35
76
-98
157
-198
135
-287
-5
-160
-129
-20
-133
113
-6
66
232
-177
305
-431
179
-529
-145
-291
-421
68
-435
293
-215
322
81
110
336
-282
343
-526
-33
-359
-399
-31
-544
309
-422
501
-139
445
237
83
426
-194
196
-194
-75
20
-198
157
-130
267
-34
233
202
-19
227
-72
61
-27
-65
127
-94
303
-37
356
229
135
463
-144
412
-321
180
-257
-154
83
-287
382
-96
510
290
230
684
-186
648
-459
402
-545
41
-294
-235
62
-240
284
56
190
359
-67
509
-369
431
-511
164
-442
-105
-156
-176
-42
3
-73
114
-216
219
-418
78
-355
-160
-158
-228
-2
-109
2
75
-118
212
-339
180
-479
-50
-411
-312
-146
-497
148
-309
191
-60
144
91
-63
202
-252
144
-393
-28
-286
-273
-157
-315
-1
-378
212
-259
253
-64
174
187
-124
161
-200
4
-189
-177
2
-267
89
-171
192
-104
124
103
-56
60
-85
-25
-49
-172
152
-136
140
2
155
85
-7
194
-191
102
-298
-112
-65
-458
341
-313
453
-55
488
302
127
541
-206
465
-520
182
-379
-348
62
-406
397
-172
385
217
121
367
-118
375
-297
117
-176
-65
-41
-105
148
-18
54
229
-86
192
-238
116
-196
-131
384
-237
376
-153
320
-26
122
-10
14
-144
51
-280
178
-344
306
-286
403
-169
360
83
142
160
-102
136
-217
-112
-70
-322
148
-406
377
-259
361
-3
214
138
-53
141
-125
-124
-9
-237
199
-296
333
-107
270
6
202
139
-44
106
-104
-128
67
-294
376
-271
451
58
272
241
48
321
-235
122
-185
-202
63
-370
422
-291
499
39
382
270
117
375
-102
211
-126
60
-90
-117
129
-128
202
-39
190
108
56
144
21
73
-2
50
22
-22
86
36
55
89
-32
79
-93
-31
23
-102
68
-101
169
-102
212
28
162
110
75
147
0
92
-13
99
-122
6
-34
-100
29
-127
137
-119
172
-68
251
-18
226
163
67
221
-118
186
-201
-78
-44
-267
194
-312
411
-141
415
118
264
328
-19
355
-141
126
-72
-50
69
-92
188
7
150
123
50
197
-116
145
-101
-82
100
-158
298
-47
297
194
136
319
-107
367
-327
128
-266
-178
-15
-350
366
-247
461
101
293
395
-54
458
-316
286
-372
6
-214
-333
131
-334
278
-153
325
25
195
224
13
185
-51
56
37
-69
139
-6
139
-12
236
62
130
171
24
97
75
-7
224
39
196
160
202
205
109
292
-3
270
-53
224
-102
103
-51
-16
93
-83
328
14
378
242
247
496
-52
593
-299
444
-405
219
-351
-80
-27
-153
158
-6
214
249
-9
468
-254
409
-435
252
-436
-22
-214
-154
-11
-124
36
78
-85
165
-213
139
-278
-2
-175
-126
-20
-126
123
-6
54
214
-179
294
-423
191
-513
-150
-281
-425
69
-433
298
-200
307
82
103
326
-301
352
-516
-30
-351
-385
-31
-542
318
-443
496
-144
457
237
70
415
-187
199
-198
-71
4
-214
165
-108
259
-29
226
200
10
211
-72
68
-30
-70
118
-123
282
-30
376
232
146
458
-168
410
-313
186
-245
-152
95
-264
396
-92
507
303
227
675
-206
643
-477
422
-546
33
-299
-233
73
-261
298
48
182
376
-71
512
-367
434
-521
186
-441
-97
-149
-174
-49
13
-72
130
-225
219
-410
58
-357
-162
-157
-237
2
-100
-2
70
-94
189
-320
170
-476
-49
-426
-310
-141
-497
163
-318
172
-62
142
105
-70
213
-243
134
-380
-31
-303
-287
-148
-317
14
-389
221
-241
252
-65
157
161
-122
161
-207
1
-199
-178
2
-255
90
-149
192
-109
130
103
-56
58
-87
-27
-56
-169
146
-124
150
8
137
90
-3
177
-168
89
-283
-111
-74
-446
334
-323
458
-58
492
308
125
530
-196
464
-530
176
-366
-338
87
-403
362
-181
380
212
112
380
-112
365
-301
126
-177
-65
-43
-112
151
-13
61
214
-91
202
-225
108
-174
-125
380
-236
377
-154
322
-33
127
-20
12
-145
52
-281
192
-323
301
-289
410
-182
343
77
128
169
-97
141
-213
-120
-74
-324
146
-396
378
-265
347
3
224
136
-44
155
-129
-102
1
-267
204
-284
323
-98
269
9
198
131
-62
113
-93
-143
73
-310
381
-248
465
72
264
254
33
316
-231
130
-177
-197
62
-382
419
-309
503
48
373
272
120
387
-108
217
-135
58
-79
-115
132
-128
198
-6
174
126
57
134
26
72
-6
49
28
-23
94
28
55
80
-43
88
-69
-37
25
-100
70
-111
171
-100
214
29
161
107
79
146
7
72
-25
98
-121
10
-35
-85
34
-134
148
-131
175
-66
240
-17
209
158
71
221
-127
188
-227
-73
-30
-262
194
-318
413
-140
427
120
264
330
-23
338
-157
129
-75
-42
79
-87
197
9
142
134
55
195
-105
134
-102
-81
103
-162
302
-57
290
202
137
326
-101
376
-355
130
-265
-185
3
-365
360
-244
434
118
287
387
-45
483
-306
280
-374
2
-220
-323
145
-347
271
-163
330
33
209
221
11
164
-40
70
41
-66
149
3
121
3
212
53
124
163
29
87
73
-10
226
40
203
142
202
209
122
297
12
261
-67
221
-124
103
-56
-4
97
-113
333
8
374
261
269
496
-53
607
-331
459
-399
218
-323
-78
-36
-144
141
-14
233
247
