1651 9 51000000 0 708 9
324
-54
207
-106
217
-138
159
-169
214
-224
211
-195
251
-201
223
-108
210
-130
233
-79
166
-30
151
-33
80
-30
92
-104
141
-84
127
-80
137
-37
113
-49
132
-14
51
-21
80
-88
97
-16
28
-35
67
-126
172
-127
171
5
68
1
128
-68
142
24
34
13
32
-13
21
-89
129
-142
162
-54
199
-9
123
66
71
-23
134
71
-19
32
73
-82
95
-62
143
-49
62
12
114
-70
138
41
89
-38
167
9
82
61
70
-1
58
19
79
-32
78
15
94
-97
231
-3
100
101
75
27
65
31
103
2
47
56
68
-68
137
27
42
-16
185
-9
151
64
126
109
11
73
123
-29
138
123
-17
80
26
-13
45
-23
88
-40
136
-11
162
68
58
70
110
-11
170
109
24
108
79
8
96
73
67
46
85
83
63
33
105
82
2
48
151
18
89
163
-5
102
-12
53
23
-14
124
24
32
83
45
-27
189
5
192
172
15
170
7
86
22
89
27
84
12
76
-11
49
41
-44
163
22
130
127
95
161
-8
142
12
150
-104
168
-107
22
-41
-31
73
-65
131
52
77
54
129
155
-13
141
68
74
36
174
-43
142
-63
70
7
9
13
105
-39
17
67
9
79
106
-13
137
-26
79
9
125
-123
125
-73
-36
64
49
-18
84
41
-28
131
110
6
211
-111
101
-1
24
11
139
-90
69
-33
31
-18
33
1
60
-3
67
22
120
-111
179
-114
-13
23
10
-37
124
-115
22
-9
-85
95
47
50
158
-49
162
-73
92
-87
73
-123
39
-55
-19
-11
17
-6
68
-74
10
65
14
9
188
-140
138
-153
6
-11
-16
-90
85
-77
-87
90
68
-74
141
-131
13
0
-27
27
137
-193
122
-159
-106
52
-89
50
74
-54
51
14
27
-3
181
-177
111
-72
11
-123
123
-257
-21
-114
-190
28
-84
-42
-62
65
-118
204
65
71
298
-191
230
-189
42
-118
27
-189
52
-215
-75
-82
-166
31
-114
86
-90
121
99
-70
165
-157
-17
18
-45
-12
155
-227
51
-108
-121
7
-38
-46
9
-13
3
-95
50
-89
-77
39
-60
22
67
-76
91
-142
38
-169
-35
-78
-170
64
-109
91
33
-65
100
-76
-24
-12
16
-94
67
-142
-15
-66
-81
-28
-26
-67
-44
15
-45
-67
16
-31
-79
62
3
12
73
-133
83
-56
-101
-33
97
-229
-55
-66
-176
-3
-129
113
-137
192
37
58
224
-148
184
-156
33
-164
32
-232
-144
-23
-227
59
-52
-13
-17
17
-82
77
-22
17
66
10
27
-25
108
-166
64
-167
-75
-88
-127
1
-143
123
-43
29
127
334
-74
191
-95
216
-133
165
-173
204
-200
220
-188
246
-190
224
-105
205
-144
243
-53
174
-27
154
-45
85
-29
95
-103
146
-86
122
-79
138
-36
115
-38
111
-20
45
-32
90
-59
90
-9
19
-57
70
-122
174
-125
175
12
58
10
133
-79
136
27
52
0
36
-13
10
-79
134
-132
178
-48
181
-6
131
67
82
-19
130
49
-13
21
63
-76
108
-59
128
-32
71
8
126
-57
128
39
70
-28
164
9
80
49
73
2
65
11
73
-40
81
10
90
-94
231
4
100
97
82
16
64
42
111
1
52
51
66
-66
150
24
44
-16
175
-22
150
84
136
107
18
57
131
-50
135
133
-17
97
7
-5
34
-16
95
-39
141
-15
152
58
69
61
131
-9
147
122
44
94
77
15
85
84
64
33
81
94
63
52
98
87
-3
44
135
25
85
147
11
93
-26
55
28
-18
103
18
37
76
49
-4
188
0
183
185
21
177
6
81
19
72
7
95
-6
79
0
21
47
-47
161
26
136
136
89
178
-4
157
39
151
-91
165
-88
-3
-31
-37
68
-64
118
52
76
42
125
138
-12
138
44
62
40
175
-53
154
-86
76
3
17
13
111
-47
23
74
16
90
99
1
161
-15
83
13
122
-108
132
-53
-36
61
40
-41
68
27
-19
133
113
-8
210
-110
88
0
22
3
134
-102
82
-41
30
-14
43
9
60
15
61
22
120
-124
179
-129
-10
30
4
-28
116
-122
22
0
-66
98
35
51
153
-47
155
-86
92
-78
84
-112
25
-57
-4
-14
15
-24
83
-68
13
66
-12
18
188
-142
136
-156
7
-13
-5
-92
82
-53
-94
93
61
-83
140
-128
20
-2
-30
20
140
-174
118
-166
-118
56
-113
58
89
-66
67
25
19
1
182
-178
108
-86
14
-129
116
-254
-11
-115
-177
47
-84
-49
-52
78
-107
220
59
65
315
-187
225
-186
25
-126
32
-160
39
-230
-86
-97
-179
15
-115
73
-70
132
114
-76
177
-147
-3
12
-41
-17
151
-228
34
-100
-137
4
-36
-35
8
-6
9
-79
47
-99
-71
19
-44
32
71
-91
91
-134
23
-177
-43
-91
-163
50
-110
90
62
-59
113
-66
-28
-6
27
-85
74
-137
-24
-68
-82
-28
-23
-76
-45
24
-54
-72
31
-28
-78
66
-9
9
86
-130
72
-73
-99
-15
94
-240
-41
-69
-166
6
-129
106
-149
203
37
63
217
-145
180
-157
23
-183
34
-233
-124
-10
-224
61
-49
-10
-34
23
-80
81
-13
20
53
11
45
-38
112
-167
72
-177
-75
-61
-122
7
-158
133
-33
44
126
322
-77
197
-82
221
-131
160
-174
212
-220
224
-189
233
-169
223
-112
217
-148
228
-67
168
-29
142
-40
84
-36
85
-100
132
-90
123
-83
132
-40
119
-39
125
-16
47
-12
84
-69
110
-15
23
-37
66
-129
171
-115
177
-5
68
13
113
-73
145
34
39
9
52
-46
17
-93
124
-139
172
-32
183
-1
116
71
71
-20
140
70
-29
38
70
-98
93
-48
145
-37
76
7
125
-51
142
47
69
-32
167
-6
75
57
83
-6
53
8
66
-28
92
-5
86
-97
238
11
94
109
57
38
73
34
106
1
39
46
85
-78
162
33
34
-15
173
-23
162
58
122
110
3
62
131
-52
155
138
-25
92
12
-3
53
-12
91
-38
145
-10
149
64
46
79
108
1
165
113
28
108
68
10
95
67
71
14
92
77
67
55
116
101
14
52
155
20
76
161
-11
94
-28
56
20
-26
111
25
40
67
46
-26
184
18
170
184
12
179
11
96
31
77
28
81
-18
62
6
30
46
-45
165
19
131
132
68
162
8
154
18
140
-105
157
-107
2
-38
-42
82
-59
125
70
87
61
130
139
-8
159
62
55
50
172
-62
154
-66
72
12
11
0
96
-50
26
64
3
82
121
4
153
-30
75
4
120
-112
128
-67
-38
61
44
-36
75
16
-32
133
108
-1
202
-125
86
-6
20
10
151
-97
92
-44
28
-9
45
26
48
12
67
25
131
-117
167
-132
-7
12
4
-42
114
-119
42
-4
-91
101
22
58
153
-64
159
-90
92
-79
95
-116
41
-53
-15
-8
17
-17
62
-72
28
63
8
14
178
-136
142
-158
11
-27
-13
-86
64
-58
-97
93
64
-84
142
-125
23
-13
-21
22
138
-180
112
-169
-127
53
-111
55
79
-56
83
15
23
6
188
-185
115
-72
8
-114
116
-251
-18
-115
-187
19
-76
-31
-60
83
-97
224
75
65
297
-208
225
-197
29
-127
28
-161
34
-219
-81
-82
-176
14
-125
76
-78
116
107
-75
169
-163
0
20
-51
-1
158
-237
30
-101
-126
3
-25
-58
2
-7
2
-82
55
-95
-81
41
-52
26
66
-95
92
-140
39
-177
-50
-85
-157
47
-117
100
46
-67
100
-72
-18
-15
44
-68
55
-132
-21
-64
-75
-21
-36
-89
-54
14
-38
-56
13
-36
-89
64
1
18
91
-141
73
-68
-83
-18
106
-233
-45
-62
-180
2
-136
102
-150
183
41
69
220
-145
173
-162
26
-159
29
-229
-123
-11
-228
50
-47
-15
-24
15
-87
82
-18
19
69
10
46
-42
113
-164
73
-151
-89
-67
-142
4
-138
133
-28
42
143
321
-69
198
-132
220
-150
166
-165
215
-219
218
-180
243
-184
232
-90
216
-129
238
-76
164
-15
150
-45
87
-41
82
-103
146
-79
126
-82
141
-45
127
-56
120
-26
51
-14
100
-71
96
-19
26
-43
64
-131
157
-98
173
17
62
11
125
-69
134
32
37
8
26
-30
22
-75
146
-135
182
-64
181
2
124
68
73
-24
134
61
-25
46
43
-68
89
-57
137
-25
82
14
127
-72
131
44
80
-34
174
3
88
63
58
-17
68
12
81
-36
88
5
75
-97
233
2
100
106
77
22
54
37
105
2
51
63
74
-73
160
28
54
-26
176
-16
135
71
120
98
8
73
121
-50
151
151
-16
106
15
-6
47
-23
91
-49
132
-3
158
70
54
74
122
-24
153
116
17
101
62
11
82
79
71
35
78
85
69
45
112
90
19
57
131
15
91
158
17
99
-22
48
28
-17
112
24
23
81
44
-24
185
20
155
186
28
169
4
77
33
91
8
90
-24
61
-18
37
46
-48
171
26
128
126
92
168
5
148
24
136
-90
165
-106
3
-31
-29
89
-64
106
64
87
47
127
148
-9
158
60
63
31
158
-51
150
-70
81
6
10
10
93
-52
29
60
6
87
110
16
164
-25
87
3
127
-109
120
-58
-48
58
36
-37
72
31
-22
